863
378 541
475 64
698 835
441 662
207 219
715 411
424 681
36 28
3 31
556 496
252 825
88 265
368 405
105 26
62 150
143 3
637 40
102 658
93 270
372 175
29 201
19 507
565 546
728 594
116 97
189 132
2 178
551 235
675 454
169 124
404 482
769 655
111 75
664 186
611 797
50 335
236 151
153 150
136 343
185 455
621 142
242 674
526 374
264 361
575 363
134 241
113 255
8 63
59 699
294 329
236 614
69 54
823 495
298 304
498 267
347 250
162 537
321 80
156 616
322 203
26 34
124 425
245 661
67 23
28 423
55 659
15 13
282 161
485 579
129 226
203 228
87 406
776 303
475 679
404 205
509 496
106 43
2 13
517 115
536 570
470 68
654 720
344 197
443 308
263 190
325 178
53 125
14 176
524 766
357 550
609 760
356 437
509 665
278 830
92 284
527 638
154 392
480 73
318 244
102 516
34 185
23 40
21 254
230 239
309 46
197 117
728 822
193 32
63 842
528 820
88 317
89 377
81 468
18 91
845 32
68 37
622 826
175 705
55 52
561 261
501 580
135 214
444 78
729 84
342 304
646 375
739 304
107 79
106 267
358 63
43 38
47 273
191 78
12 102
77 602
19 42
53 56
497 534
158 91
307 130
221 535
420 123
556 833
28 195
244 293
89 6
133 235
71 157
408 368
672 40
551 552
283 217
697 84
97 625
81 74
211 27
482 831
244 285
342 515
472 120
114 253
6 4
436 216
522 641
615 850
503 248
45 31
18 19
34 691
60 61
504 23
118 129
356 103
863 565
18 72
380 86
362 744
227 124
4 37
29 481
205 157
357 648
49 734
422 371
355 521
228 385
148 192
848 767
686 157
57 20
701 212
324 237
610 727
592 105
139 615
10 71
657 360
114 200
148 99
38 563
125 431
459 85
39 363
787 374
233 684
217 84
6 204
88 754
362 225
254 670
376 433
774 616
708 613
170 391
371 163
244 214
430 844
443 631
633 564
138 119
372 626
63 297
69 224
62 19
303 640
113 779
49 34
429 435
306 428
112 51
650 624
152 51
151 64
676 522
616 635
702 21
101 19
591 171
500 148
113 716
337 209
725 167
623 1
613 267
447 39
168 167
171 163
73 355
746 674
11 846
374 50
837 645
849 252
524 208
683 474
59 52
39 85
161 85
23 532
827 778
71 286
721 133
38 620
237 678
138 806
11 46
363 522
55 440
54 26
50 450
80 128
645 591
160 61
26 98
54 488
5 4
169 345
3 20
136 141
67 290
164 600
64 479
340 469
115 62
167 231
690 767
42 53
814 196
504 549
2 3
354 40
505 212
828 129
43 127
145 302
337 742
2 1
546 498
273 454
287 161
114 389
411 609
123 759
557 627
281 262
279 207
167 2
670 687
628 457
740 59
104 506
20 58
642 557
816 442
34 348
386 513
795 37
498 730
677 291
29 87
854 83
259 128
171 330
619 441
33 149
703 338
95 109
291 35
610 547
314 75
418 205
249 369
64 42
230 57
174 718
527 237
490 630
257 233
388 502
14 7
306 419
100 61
562 122
301 262
675 853
26 121
309 395
135 88
17 95
448 430
790 550
710 169
113 242
26 117
722 208
3 7
352 293
349 170
149 166
717 645
813 362
65 4
149 164
554 511
145 9
92 156
17 27
104 46
733 600
256 213
414 451
216 172
365 73
389 594
530 125
153 694
54 357
194 28
416 239
288 175
180 5
172 121
599 253
682 241
320 175
650 807
12 30
292 673
654 368
250 446
824 745
120 74
773 123
131 174
225 296
108 119
724 219
750 329
464 858
238 225
511 281
47 249
233 568
765 726
69 108
116 393
215 788
186 17
124 68
154 339
644 655
713 592
745 377
167 376
547 241
310 564
411 211
93 332
566 88
743 803
707 281
72 122
617 475
62 99
286 583
124 589
48 539
41 8
94 59
755 705
419 577
188 316
21 280
519 363
181 125
484 464
68 467
397 16
366 768
230 763
29 18
834 557
208 35
273 308
441 420
836 243
668 308
800 701
775 755
494 352
439 122
3 32
669 547
294 780
703 791
789 62
783 134
369 495
71 154
207 101
184 353
40 126
799 701
829 779
93 73
196 195
328 364
23 16
485 206
529 116
430 375
233 194
442 478
72 704
44 17
7 373
160 805
490 695
462 72
696 337
573 157
212 346
105 114
143 598
230 438
381 285
128 247
185 557
8 80
582 596
156 173
341 379
294 127
319 812
271 341
261 170
262 226
129 415
12 50
608 182
266 590
84 130
74 585
187 102
18 540
32 336
359 15
636 280
576 446
559 75
137 792
205 663
162 141
143 225
538 41
268 164
217 471
114 491
230 250
449 457
407 692
841 448
24 15
111 159
199 43
245 90
66 139
741 431
226 300
569 449
5 48
531 35
557 723
351 75
534 593
603 579
401 293
110 47
213 184
493 170
163 132
115 390
363 735
28 147
272 140
3 4
489 183
337 533
88 142
88 5
136 525
784 658
544 108
414 219
370 120
31 752
77 555
211 229
14 66
235 595
232 196
278 586
442 714
245 852
35 137
578 71
60 34
604 634
838 633
170 150
374 378
772 625
378 567
85 778
434 159
862 271
198 269
141 693
140 223
698 294
548 279
601 550
463 398
43 103
2 123
334 86
52 43
395 811
31 413
14 79
134 146
466 72
792 851
492 19
695 785
231 396
180 398
143 278
295 115
25 1
571 42
174 248
338 107
490 463
709 860
252 198
407 221
571 624
514 375
68 383
647 334
382 185
604 557
242 611
221 199
113 71
452 543
501 139
16 22
520 133
215 5
144 68
857 501
30 35
373 802
310 764
272 644
299 496
196 487
193 726
22 70
41 133
27 289
101 688
297 748
580 666
804 764
206 460
233 246
275 182
292 176
20 260
190 138
855 785
808 195
333 168
274 237
667 62
298 138
465 326
179 70
331 747
11 17
315 43
627 815
464 233
384 360
319 234
42 762
387 368
196 483
254 327
171 632
184 709
97 76
587 132
456 117
197 461
743 289
798 676
553 856
252 588
287 421
276 111
220 42
597 26
410 536
659 839
11 10
605 27
198 311
442 272
340 310
737 703
127 188
386 46
48 165
545 107
409 191
56 75
613 821
240 171
113 474
299 38
453 118
432 136
429 287
861 235
445 302
753 321
680 499
179 312
239 323
542 35
8 18
237 618
38 1
232 243
90 29
2 523
303 55
676 786
184 497
84 60
375 94
1 350
20 86
218 653
660 408
82 55
639 579
168 264
512 498
321 510
572 471
326 318
403 52
18 177
132 458
88 202
443 840
606 10
491 847
82 184
582 170
271 89
12 9
528 350
312 518
222 2
240 306
305 607
832 602
612 385
234 148
612 770
659 671
322 757
300 410
819 214
751 158
277 93
817 374
77 35
472 558
251 124
388 250
499 809
651 12
198 161
366 26
50 83
314 643
732 255
749 650
738 193
210 65
